0.01  0
0.02  0
0.03  0
0.04  0
0.05  0
0.06  0
0.07  0
0.08  0
0.09  0
0.1  0
0.11  0
0.12  0
0.13  0
0.14  0
0.15  0
0.16  0
0.17  0
0.18  0
0.19  0
0.2  0
0.21  0
0.22  0
0.23  0
0.24  0
0.25  0
0.26  0
0.27  0
0.28  0
0.29  0
0.3  0
0.31  0
0.32  0
0.33  0
0.34  0
0.35  0
0.36  0
0.37  0
0.38  0
0.39  0
0.4  0
0.41  0
0.42  0
0.43  0
0.44  0
0.45  0
0.46  0
0.47  0
0.48  0
0.49  0
0.5  0
0.51  0
0.52  0
0.53  0
0.54  0
0.55  0
0.56  0
0.57  0
0.58  0
0.59  0
0.6  0
0.61  0
0.62  0
0.63  0
0.64  0
0.65  0
0.66  0
0.67  0
0.68  0
0.69  0
0.7  0
0.71  0
0.72  0
0.73  0
0.74  0
0.75  0
0.76  0
0.77  0
0.78  0
0.79  0
0.8  0
0.81  0
0.82  0
0.83  0
0.84  0
0.85  0
0.86  0
0.87  0
0.88  0
0.89  0
0.9  0
0.91  0
0.92  0
0.93  0
0.94  0
0.95  0
0.96  0
0.97  0
0.98  0
0.99  0
1  0
1.01  0
1.02  0
1.03  0
1.04  0
1.05  0
1.06  0
1.07  0
1.08  0
1.09  0
1.1  0
1.11  0
1.12  0
1.13  0
1.14  0
1.15  0
1.16  0
1.17  0
1.18  0
1.19  0
1.2  0
1.21  0
1.22  0
1.23  0
1.24  0
1.25  0
1.26  0
1.27  0
1.28  0
1.29  0
1.3  0
1.31  0
1.32  0
1.33  0
1.34  0
1.35  0
1.36  0
1.37  0
1.38  0
1.39  0
1.4  0
1.41  0
1.42  0
1.43  0
1.44  0
1.45  0
1.46  0
1.47  0
1.48  0
1.49  0
1.5  0
1.51  0
1.52  0
1.53  0
1.54  0
1.55  0
1.56  0
1.57  0
1.58  0
1.59  0
1.6  0
1.61  0
1.62  0
1.63  0
1.64  0
1.65  0
1.66  0
1.67  0
1.68  0
1.69  0
1.7  0
1.71  0
1.72  0
1.73  0
1.74  0
1.75  0
1.76  0
1.77  0
1.78  0
1.79  0
1.8  0
1.81  0
1.82  0
1.83  0
1.84  0
1.85  0
1.86  0
1.87  0
1.88  0
1.89  0
1.9  0
1.91  0
1.92  0
1.93  0
1.94  0
1.95  0
1.96  0
1.97  0
1.98  0
1.99  0
2  0
2.01  0
2.02  0
2.03  0
2.04  0
2.05  0
2.06  0
2.07  0
2.08  0
2.09  0
2.1  0
2.11  0
2.12  0
2.13  0
2.14  0
2.15  0
2.16  0
2.17  0
2.18  0
2.19  0
2.2  0
2.21  0
2.22  0
2.23  0
2.24  0
2.25  0
2.26  0
2.27  0
2.28  0
2.29  0
2.3  0
2.31  0
2.32  0
2.33  0
2.34  0
2.35  0
2.36  0
2.37  0
2.38  0
2.39  0
2.4  0
2.41  0
2.42  0
2.43  0
2.44  0
2.45  0
2.46  0.012283
2.47  0.0487349
2.48  0.120857
2.49  0.143865
2.5  0.15461
2.51  0.188776
2.52  0.234101
2.53  0.267092
2.54  0.276514
2.55  0.308644
2.56  0.351605
2.57  0.416399
2.58  0.435511
2.59  0.576206
2.6  0.714727
2.61  0.818378
2.62  0.996229
2.63  1.11762
2.64  1.35447
2.65  1.52421
2.66  1.65985
2.67  1.8664
2.68  1.91459
2.69  2.03392
2.7  2.16163
2.71  2.31777
2.72  2.38114
2.73  2.47343
2.74  2.57422
2.75  2.63417
2.76  2.69318
2.77  2.59627
2.78  2.61609
2.79  2.66422
2.8  2.63574
2.81  2.55112
2.82  2.43024
2.83  2.43166
2.84  2.35927
2.85  2.28783
2.86  2.19916
2.87  2.19289
2.88  2.17768
2.89  2.09144
2.9  2.09472
2.91  2.10668
2.92  2.16202
2.93  2.15595
2.94  2.05531
2.95  1.99869
2.96  1.95976
2.97  1.92973
2.98  1.96702
2.99  1.92894
3  1.83351
3.01  1.77213
3.02  1.76041
3.03  1.63546
3.04  1.5845
3.05  1.48623
3.06  1.51623
3.07  1.49848
3.08  1.41824
3.09  1.30787
3.1  1.2221
3.11  1.1374
3.12  1.01558
3.13  1.02428
3.14  1.01777
3.15  1.08623
3.16  1.06448
3.17  1.01339
3.18  1.02173
3.19  1.02263
3.2  1.03803
3.21  1.06764
3.22  1.1112
3.23  1.11858
3.24  1.1825
3.25  1.17523
3.26  1.15404
3.27  1.14005
3.28  1.09856
3.29  1.08502
3.3  1.10576
3.31  1.11266
3.32  1.07899
3.33  1.09933
3.34  1.01946
3.35  1.01339
3.36  0.96786
3.37  0.962125
3.38  0.975959
3.39  1.00255
3.4  0.964511
3.41  0.97804
3.42  0.940553
3.43  0.840305
3.44  0.80402
3.45  0.774386
3.46  0.776125
3.47  0.790178
3.48  0.785643
3.49  0.775045
3.5  0.758486
3.51  0.675737
3.52  0.677902
3.53  0.680032
3.54  0.682127
3.55  0.701882
3.56  0.71554
3.57  0.705704
3.58  0.690168
3.59  0.651723
3.6  0.688256
3.61  0.752893
3.62  0.805462
3.63  0.857441
3.64  0.886397
3.65  0.892705
3.66  0.90448
3.67  0.883002
3.68  0.911142
3.69  0.960801
3.7  0.933897
3.71  0.966672
3.72  1.00445
3.73  0.988389
3.74  0.967168
3.75  0.993731
3.76  0.99371
3.77  1.00937
3.78  1.00923
3.79  1.04014
3.8  1.09644
3.81  1.04461
3.82  0.998397
3.83  1.01853
3.84  1.02331
3.85  1.00296
3.86  0.977812
3.87  0.972765
3.88  0.938132
3.89  0.894017
3.9  0.825907
3.91  0.80224
3.92  0.802989
3.93  0.78447
3.94  0.799646
3.95  0.795602
3.96  0.82951
3.97  0.872498
3.98  0.910352
3.99  0.938478
4  0.984894
4.01  1.01235
4.02  1.00732
4.03  0.993169
4.04  1.00648
4.05  1.01964
4.06  0.987565
4.07  1.01862
4.08  0.982372
4.09  0.9598
4.1  0.972812
4.11  1.00769
4.12  1.0247
4.13  1.06332
4.14  1.09288
4.15  1.04015
4.16  1.06092
4.17  0.991721
4.18  1.01676
4.19  1.02885
4.2  0.977605
4.21  0.95619
4.22  0.922446
4.23  0.893165
4.24  0.851744
4.25  0.888893
4.26  0.92978
4.27  0.978429
4.28  1.00227
4.29  1.03395
4.3  1.09347
4.31  1.14842
4.32  1.17497
4.33  1.25281
4.34  1.32202
4.35  1.38666
4.36  1.36858
4.37  1.35064
4.38  1.32511
4.39  1.31522
4.4  1.38604
4.41  1.36447
4.42  1.39635
4.43  1.35597
4.44  1.31593
4.45  1.27999
4.46  1.25184
4.47  1.26113
4.48  1.24809
4.49  1.23885
4.5  1.15627
4.51  1.13288
4.52  1.11695
4.53  1.12652
4.54  1.16844
4.55  1.18844
4.56  1.22256
4.57  1.21366
4.58  1.23317
4.59  1.2278
4.6  1.19788
4.61  1.18569
4.62  1.19449
4.63  1.14773
4.64  1.08064
4.65  1.00725
4.66  0.985813
4.67  0.981595
4.68  0.946861
4.69  0.919172
4.7  0.915265
4.71  0.921435
4.72  0.904189
4.73  0.940238
4.74  0.952817
4.75  0.988343
4.76  0.944827
4.77  0.927802
4.78  0.94019
4.79  0.92979
4.8  0.925919
4.81  0.893158
4.82  0.86386
4.83  0.831611
4.84  0.805966
4.85  0.755246
4.86  0.818228
4.87  0.846213
4.88  0.830263
4.89  0.910801
4.9  0.956621
4.91  0.980478
4.92  1.04405
4.93  1.08875
4.94  1.12395
4.95  1.17402
4.96  1.14209
4.97  1.15255
4.98  1.20787
4.99  1.17915
5  1.14471
5.01  1.13422
5.02  1.08251
5.03  1.03414
5.04  1.01249
5.05  0.976418
5.06  0.966756
5.07  0.936921
5.08  0.910193
5.09  0.883668
5.1  0.914499
5.11  0.925157
5.12  0.904533
5.13  0.903835
5.14  0.889067
5.15  0.910841
5.16  0.918481
5.17  0.931617
5.18  0.939105
5.19  0.952046
5.2  0.923648
5.21  0.909152
5.22  0.927495
5.23  0.945692
5.24  0.958329
5.25  0.954681
5.26  0.951055
5.27  0.944772
5.28  0.922533
5.29  0.921705
5.3  0.91823
5.31  0.941137
5.32  0.934976
5.33  0.913156
5.34  0.935806
5.35  0.95828
5.36  0.967644
5.37  0.951156
5.38  0.963031
5.39  0.946669
5.4  0.950813
5.41  0.929523
5.42  0.936218
5.43  0.955462
5.44  0.941905
5.45  0.898411
5.46  0.862709
5.47  0.884401
5.48  0.871275
5.49  0.860705
5.5  0.835463
5.51  0.83733
5.52  0.841617
5.53  0.821562
5.54  0.816177
5.55  0.822891
5.56  0.83436
5.57  0.807408
5.58  0.811679
5.59  0.851595
5.6  0.87937
5.61  0.847896
5.62  0.837821
5.63  0.841882
5.64  0.824879
5.65  0.828947
5.66  0.82138
5.67  0.818485
5.68  0.831734
5.69  0.810446
5.7  0.819044
5.71  0.866334
5.72  0.874666
5.73  0.871616
5.74  0.879862
5.75  0.921769
5.76  0.963379
5.77  1.00246
5.78  0.992323
5.79  1.01994
5.8  1.02526
5.81  1.02834
5.82  1.07748
5.83  1.11534
5.84  1.13768
5.85  1.12727
5.86  1.12776
5.87  1.09156
5.88  1.1244
5.89  1.07559
5.9  1.05273
5.91  1.03002
5.92  0.973516
5.93  0.942756
5.94  0.916411
5.95  0.904934
5.96  0.908178
5.97  0.915566
5.98  0.881327
5.99  0.888746
6  0.879591
6.01  0.886956
6.02  0.920931
6.03  0.913791
6.04  0.904655
6.05  0.893543
6.06  0.858212
6.07  0.88363
6.08  0.880726
6.09  0.895873
6.1  0.926898
6.11  0.937804
6.12  0.940696
6.13  0.949498
6.14  0.962181
6.15  0.962985
6.16  1.001
6.17  0.97823
6.18  1.01399
6.19  1.0049
6.2  1.00166
6.21  1.01
6.22  1.00291
6.23  1.01502
6.24  1.03658
6.25  1.07323
6.26  1.08118
6.27  1.09097
6.28  1.08185
6.29  1.0972
6.3  1.11057
6.31  1.08839
6.32  1.06448
6.33  1.04442
6.34  1.03373
6.35  0.999138
6.36  0.992324
6.37  0.96906
6.38  0.964198
6.39  0.933876
6.4  0.925516
6.41  0.92444
6.42  0.907134
6.43  0.902517
6.44  0.91047
6.45  0.911223
6.46  0.908404
6.47  0.957093
6.48  0.968303
6.49  1.02885
6.5  1.04152
6.51  1.0471
6.52  1.08585
6.53  1.11042
6.54  1.10876
6.55  1.12097
6.56  1.1452
6.57  1.13138
6.58  1.14168
6.59  1.10741
6.6  1.10917
6.61  1.15345
6.62  1.15336
6.63  1.16173
6.64  1.16329
6.65  1.16988
6.66  1.15128
6.67  1.16621
6.68  1.14606
6.69  1.15095
6.7  1.12102
6.71  1.09787
6.72  1.07321
6.73  1.05689
6.74  1.04394
6.75  1.049
6.76  1.00036
6.77  0.971456
6.78  0.963742
6.79  0.96413
6.8  0.985409
6.81  0.992134
6.82  1.02279
6.83  1.01979
6.84  1.04065
6.85  1.04395
6.86  1.0725
6.87  1.08512
6.88  1.09925
6.89  1.07883
6.9  1.08039
6.91  1.05236
6.92  1.05398
6.93  1.07415
6.94  1.06797
6.95  1.06952
6.96  1.091
6.97  1.0894
6.98  1.08628
6.99  1.0923
7  1.08008
7.01  1.10121
7.02  1.07696
7.03  1.07389
7.04  1.06185
7.05  1.05435
7.06  1.02303
7.07  1.00081
7.08  1.01133
7.09  1.03361
7.1  1.03365
7.11  1.04104
7.12  1.05278
7.13  1.06884
7.14  1.08918
7.15  1.08468
7.16  1.12225
7.17  1.12057
7.18  1.116
7.19  1.08414
7.2  1.12272
7.21  1.09101
7.22  1.08941
7.23  1.10062
7.24  1.10184
7.25  1.08749
7.26  1.06052
7.27  1.0787
7.28  1.06031
7.29  1.07698
7.3  1.05311
7.31  1.03911
7.32  1.03488
7.33  0.990556
7.34  0.974061
7.35  0.979668
7.36  1.00857
7.37  1.01131
7.38  1.02768
7.39  1.0249
7.4  1.01127
7.41  1.02072
7.42  1.01258
7.43  0.99908
7.44  1.00177
7.45  1.00979
7.46  0.983046
7.47  0.955106
7.48  0.935283
7.49  0.923513
7.5  0.938231
7.51  0.93178
7.52  0.924046
7.53  0.94519
7.54  0.951837
7.55  0.927149
7.56  0.914293
7.57  0.944307
7.58  0.952167
7.59  0.956111
7.6  0.93558
7.61  0.974196
7.62  0.993403
7.63  1.02527
7.64  1.03533
7.65  1.07581
7.66  1.111
7.67  1.10558
7.68  1.09514
7.69  1.08978
7.7  1.07693
7.71  1.06288
7.72  1.06262
7.73  1.01758
7.74  1.0286
7.75  0.99872
7.76  0.970226
7.77  0.972655
7.78  0.968928
7.79  0.979916
7.8  0.984735
