1 0.0652905  81377
1001 0.0527831  35982.5
2001 0.0446791  15521.1
3001 0.0387899  6694.81
4001 0.0341034  2516.96
5001 0.0310243  1042.57
6001 0.0284905  417.028
7001 0.0264359  188.295
8001 0.0245503  81.1754
9001 0.0228398  30.9536
10001 0.0212633  10.71
11001 0.0201152  2.84495
12001 0.0191872  -1.68991
13001 0.0184043  -4.01733
14001 0.0179362  -4.86132
15001 0.0176559  -5.25209
16001 0.0175202  -5.29581
17001 0.0174082  -5.58589
18001 0.0173216  -5.55267
19001 0.017359  -5.61482
20001 0.0172841  -5.57823
21001 0.0173011  -5.51731
22001 0.0171422  -5.57639
23001 0.0172984  -5.63156
24001 0.0173369  -5.66861
25001 0.0175485  -5.65102
26001 0.0174698  -5.70443
27001 0.0174422  -5.67629
28001 0.017428  -5.7591
29001 0.0174934  -5.71809
30001 0.0176415  -5.83289
31001 0.0177826  -5.78955
32001 0.0176869  -5.86729
33001 0.0176992  -5.94193
34001 0.0175396  -5.87349
35001 0.0177082  -5.88972
36001 0.0178197  -5.86421
37001 0.0178726  -5.95089
38001 0.018117  -5.95115
39001 0.0181497  -5.92903
40001 0.018079  -6.04303
41001 0.0182611  -6.01302
42001 0.0182451  -6.02705
43001 0.0182056  -5.98382
44001 0.0182877  -6.12023
45001 0.018503  -6.29372
46001 0.0185071  -6.27294
47001 0.0186799  -6.1835
48001 0.0187404  -6.21407
49001 0.0187455  -6.33347
50001 0.0189319  -6.36318
51001 0.0192863  -6.47688
52001 0.0195182  -6.50074
53001 0.0195041  -6.49271
54001 0.0195131  -6.44113
55001 0.0191873  -6.39186
56001 0.0191033  -6.37746
57001 0.0188765  -6.24399
58001 0.0189572  -6.31344
59001 0.0191169  -6.4434
60001 0.0189937  -6.36317
61001 0.0190164  -6.46012
62001 0.0193234  -6.41262
63001 0.019414  -6.4439
64001 0.019397  -6.48958
65001 0.0195862  -6.54588
66001 0.0195188  -6.54505
67001 0.0194828  -6.53446
68001 0.0195075  -6.43224
69001 0.0195177  -6.44773
70001 0.0193954  -6.50002
71001 0.0195034  -6.53717
72001 0.0196992  -6.64124
73001 0.0197965  -6.60997
74001 0.019811  -6.67808
75001 0.0197176  -6.65975
76001 0.0197755  -6.6582
77001 0.019732  -6.68383
78001 0.0197869  -6.62513
79001 0.0199341  -6.76405
80001 0.019949  -6.75477
81001 0.0200359  -6.77018
82001 0.0201169  -6.70246
83001 0.0202807  -6.83846
84001 0.0202733  -6.76668
85001 0.0201526  -6.77905
86001 0.0202963  -6.87346
87001 0.020295  -6.75098
88001 0.0202077  -6.74819
89001 0.020334  -6.86712
90001 0.0203664  -6.81723
91001 0.0202034  -6.77638
92001 0.0201826  -6.76813
93001 0.0203004  -6.74529
94001 0.0202331  -6.75344
95001 0.0203404  -6.78531
96001 0.0203768  -6.8258
97001 0.0201701  -6.76951
98001 0.0202515  -6.83165
99001 0.0202747  -6.67505
100001 0.0199552  -6.61743
101001 0.0198139  -6.6494
102001 0.0199019  -6.61688
103001 0.0201293  -6.78047
104001 0.0200029  -6.73017
105001 0.0201176  -6.74651
106001 0.0200929  -6.7989
107001 0.0200507  -6.66154
108001 0.0197407  -6.66759
109001 0.0198466  -6.77221
110001 0.0199749  -6.61931
111001 0.0198823  -6.65726
112001 0.0200764  -6.76479
113001 0.0200577  -6.69994
114001 0.0199705  -6.83844
115001 0.0200915  -6.89631
116001 0.0200193  -6.83381
117001 0.0202292  -6.88553
118001 0.0201316  -6.85874
119001 0.020163  -6.89526
120001 0.0202043  -6.87786
121001 0.0203112  -6.74147
122001 0.020197  -6.85171
123001 0.0201402  -6.85954
124001 0.0200948  -6.80426
125001 0.0204065  -6.83864
126001 0.0202879  -6.79882
127001 0.0201766  -6.77182
128001 0.0203365  -6.88451
129001 0.0204282  -6.83222
130001 0.0203687  -6.84536
131001 0.0203175  -6.87001
132001 0.0200283  -6.8058
133001 0.0199689  -6.84018
134001 0.0199729  -6.80627
135001 0.0201254  -6.83864
136001 0.0201904  -6.95949
137001 0.019903  -6.81907
138001 0.0201125  -6.8065
139001 0.0200135  -6.83549
140001 0.0200955  -6.79685
141001 0.0199867  -6.78441
142001 0.0200908  -6.79129
143001 0.0200413  -6.74041
144001 0.020044  -6.72033
145001 0.0198035  -6.6792
146001 0.019756  -6.67617
147001 0.0198979  -6.73225
148001 0.0201311  -6.80112
149001 0.0201998  -6.73892
150001 0.0201691  -6.71518
151001 0.020282  -6.88719
152001 0.0203085  -6.7607
153001 0.0203039  -6.8225
154001 0.0204395  -6.81343
155001 0.0206216  -6.93805
156001 0.0207121  -6.92583
157001 0.0207059  -6.93658
158001 0.0204943  -6.93046
159001 0.0205155  -6.94982
160001 0.0204063  -6.90238
161001 0.0206389  -6.91305
162001 0.0206072  -6.97838
163001 0.0205758  -7.00588
164001 0.0204441  -6.83092
165001 0.0204073  -6.94627
166001 0.0206237  -6.97361
167001 0.020633  -7.03802
168001 0.0204965  -6.97781
169001 0.0205049  -6.97027
170001 0.0205287  -6.91767
171001 0.0205983  -7.00054
172001 0.0207706  -6.93318
173001 0.020588  -6.93843
174001 0.0207894  -7.01564
175001 0.0210374  -7.05485
176001 0.0210765  -6.901
177001 0.0210694  -7.08918
178001 0.0209542  -7.09202
179001 0.0208365  -7.07626
180001 0.0208308  -7.02573
181001 0.0207443  -6.99957
182001 0.021059  -7.02148
183001 0.0209147  -7.10826
184001 0.0210915  -7.131
185001 0.0210087  -7.00806
186001 0.0210382  -6.98563
187001 0.0208885  -7.0093
188001 0.0209211  -7.13283
189001 0.0209829  -7.05792
190001 0.0208613  -7.01685
191001 0.0207189  -6.87038
192001 0.0207618  -7.01191
193001 0.0209848  -7.09643
194001 0.0211589  -7.08623
195001 0.0212289  -7.07997
196001 0.0210796  -7.19458
197001 0.0209643  -7.09915
198001 0.0207831  -7.13781
199001 0.020763  -7.1289
200001 0.0209114  -7.07058
201001 0.0210853  -7.05271
202001 0.021149  -7.05934
203001 0.0209895  -7.0625
204001 0.0210875  -7.01879
205001 0.0212208  -7.11921
206001 0.0213659  -7.17565
207001 0.0213001  -7.19198
208001 0.021106  -7.10195
209001 0.0210081  -7.10384
210001 0.0212371  -7.19457
211001 0.0212901  -7.14864
212001 0.021136  -7.2166
213001 0.0212691  -7.13231
214001 0.0208122  -6.99702
215001 0.0208198  -7.02858
216001 0.020689  -7.04561
217001 0.0208608  -7.15272
218001 0.0207076  -7.01948
219001 0.0205365  -7.07345
220001 0.0206589  -7.03606
221001 0.02064  -6.98814
222001 0.0207229  -6.98279
223001 0.020548  -6.97971
224001 0.0206109  -6.96797
225001 0.0205014  -6.86646
226001 0.0206939  -6.98026
227001 0.0206412  -7.01793
228001 0.0207744  -7.00886
229001 0.0210118  -7.03535
230001 0.0212121  -6.97073
231001 0.0210171  -7.02779
232001 0.0210951  -7.021
233001 0.0209935  -7.11182
234001 0.0211151  -7.19422
235001 0.0211836  -7.12176
236001 0.0210513  -7.15058
237001 0.0210095  -7.1057
238001 0.0208863  -7.14735
239001 0.0210375  -7.10268
240001 0.0206254  -6.9468
241001 0.0207464  -6.97152
242001 0.0205914  -6.92044
243001 0.0205992  -7.00773
244001 0.0205332  -7.01828
245001 0.0206272  -6.96379
246001 0.0206188  -6.94832
247001 0.0207916  -6.93955
248001 0.0208723  -6.98053
249001 0.0208297  -7.02196
250001 0.0209238  -7.05266
251001 0.0209517  -6.91261
252001 0.020975  -7.03389
253001 0.0208007  -6.9486
254001 0.0207835  -7.02249
255001 0.0209035  -7.04894
256001 0.0208374  -7.01777
257001 0.0207674  -7.04511
258001 0.0208309  -7.03025
259001 0.0207167  -7.06366
260001 0.0207931  -7.06197
261001 0.0209444  -6.99595
262001 0.0210587  -7.02462
263001 0.0210604  -7.07876
264001 0.020975  -7.03448
265001 0.0211656  -7.07691
266001 0.0212971  -7.16765
267001 0.0215065  -7.24787
268001 0.0214686  -7.2225
269001 0.0214388  -7.18031
270001 0.0214422  -7.16227
271001 0.0215267  -7.36563
272001 0.0216739  -7.34586
273001 0.0215879  -7.28745
274001 0.0213442  -7.18776
275001 0.021249  -7.20194
276001 0.0213077  -7.06348
277001 0.0214263  -7.16322
278001 0.0212977  -7.1985
279001 0.0210973  -7.19964
280001 0.0213437  -7.23123
281001 0.0212434  -7.2677
282001 0.0210325  -7.19627
283001 0.0208084  -7.15393
284001 0.0207782  -7.07539
285001 0.0208106  -7.08576
286001 0.0206811  -7.04786
287001 0.0204692  -7.00112
288001 0.0205204  -7.043
289001 0.0205741  -7.02763
290001 0.0204941  -7.06754
291001 0.0207091  -7.07346
292001 0.0205667  -6.98276
293001 0.0205189  -6.89097
294001 0.0204465  -6.93754
295001 0.0204083  -6.93112
296001 0.0205992  -6.81937
297001 0.0205486  -6.85834
298001 0.0205978  -6.90342
299001 0.0205132  -6.87877
300001 0.0206786  -6.96897
301001 0.0204495  -6.90173
302001 0.0205064  -6.83743
303001 0.0204446  -6.8342
304001 0.0203772  -6.80727
305001 0.0203277  -6.77799
306001 0.0202604  -6.82459
307001 0.020232  -6.86055
308001 0.0204328  -6.9766
309001 0.0202609  -6.90186
310001 0.0203406  -6.82764
311001 0.0204147  -6.96825
312001 0.0205608  -6.83402
313001 0.0206863  -6.97604
314001 0.0207993  -6.98476
315001 0.0212382  -7.15359
316001 0.0211929  -7.08462
317001 0.0210619  -7.15387
318001 0.0209958  -7.08223
319001 0.0211032  -6.99673
320001 0.0210156  -7.08645
321001 0.0208322  -7.04605
322001 0.0205911  -7.00129
323001 0.020597  -6.98778
324001 0.0207427  -6.93046
325001 0.0206882  -6.96218
326001 0.0207251  -7.01548
327001 0.020841  -6.90872
328001 0.0207537  -7.04558
329001 0.0207368  -7.00756
330001 0.0207942  -7.08541
331001 0.0210659  -7.04486
332001 0.0210753  -7.07355
333001 0.0210078  -7.13117
334001 0.021243  -7.06018
335001 0.0211294  -7.0815
336001 0.021245  -7.21496
337001 0.0212873  -7.23439
338001 0.0210382  -7.13589
339001 0.0209839  -7.15661
340001 0.0211967  -7.09842
341001 0.0210909  -7.08053
342001 0.0210817  -7.17003
343001 0.0211334  -7.19234
344001 0.0210044  -7.10798
345001 0.0209689  -7.0979
346001 0.0209621  -7.12104
347001 0.020936  -7.103
348001 0.0208651  -7.04678
349001 0.0207299  -7.10099
350001 0.0207095  -6.99933
351001 0.0206006  -6.98743
352001 0.0206793  -7.02541
353001 0.020617  -6.92979
354001 0.0208387  -7.0437
355001 0.0207254  -6.98147
356001 0.0206781  -7.04743
357001 0.0206805  -6.96108
358001 0.0209376  -7.02026
359001 0.0208514  -7.00528
360001 0.0208305  -6.87883
361001 0.0206004  -7.00153
362001 0.0204575  -6.97569
363001 0.0206411  -6.93537
364001 0.0208576  -6.96292
365001 0.020654  -6.95809
366001 0.020946  -7.06225
367001 0.02118  -7.11501
368001 0.0210524  -7.19179
369001 0.0213657  -7.12969
370001 0.0211872  -7.12398
371001 0.0211657  -7.01969
372001 0.0208895  -7.08359
373001 0.0208422  -6.96732
374001 0.0203992  -6.93368
375001 0.0206128  -6.80452
376001 0.0207708  -6.85635
377001 0.0205213  -6.93361
378001 0.0202801  -6.85941
379001 0.0205129  -6.85523
380001 0.0205134  -6.90736
381001 0.0202898  -6.87324
382001 0.0202515  -6.85289
383001 0.0204334  -6.88026
384001 0.0204244  -6.79896
385001 0.0203204  -6.84563
386001 0.0204362  -6.82622
387001 0.0204911  -6.78555
388001 0.0203232  -6.84504
389001 0.0204428  -6.87025
390001 0.0204387  -6.88243
391001 0.0204412  -6.86294
392001 0.0203302  -6.90298
393001 0.0205207  -6.81143
394001 0.0202218  -6.7165
395001 0.0204363  -6.73173
396001 0.02043  -6.80314
397001 0.0201702  -6.77619
398001 0.020078  -6.78213
399001 0.0200879  -6.77341
400001 0.0201259  -6.84369
401001 0.020043  -6.81946
402001 0.0201305  -6.82505
403001 0.0203396  -6.77478
404001 0.020212  -6.75168
405001 0.0203622  -6.77486
406001 0.0202488  -6.83936
407001 0.0201548  -6.77334
408001 0.0201878  -6.82904
409001 0.0203229  -6.84768
410001 0.0201785  -6.69209
411001 0.0202635  -6.72442
412001 0.0203886  -6.76203
413001 0.0206086  -6.92782
414001 0.0206446  -6.8858
415001 0.0207953  -6.96066
416001 0.0208173  -6.98754
417001 0.0207566  -6.8924
418001 0.0207676  -6.91627
419001 0.0207007  -6.91233
420001 0.0211193  -7.02611
421001 0.0208702  -7.0146
422001 0.0208889  -7.02473
423001 0.0209558  -7.02351
424001 0.0208579  -6.97438
425001 0.0203461  -6.86306
426001 0.0201955  -6.7721
427001 0.0202166  -6.72543
428001 0.0202592  -6.82437
429001 0.0203453  -6.86742
430001 0.0205149  -7.01615
431001 0.0206416  -7.09207
432001 0.0206968  -7.10429
433001 0.0209403  -7.03584
434001 0.0209397  -7.06637
435001 0.0213382  -7.14283
436001 0.0211001  -7.11163
437001 0.0210441  -7.05148
438001 0.0209602  -7.03331
439001 0.0210909  -6.98271
440001 0.0210058  -7.03159
441001 0.0209653  -7.02346
442001 0.0208525  -6.99689
443001 0.0207654  -6.97708
444001 0.0206749  -6.93644
445001 0.0206853  -6.96414
446001 0.0207713  -6.95516
447001 0.0205112  -6.92589
448001 0.0203011  -6.92086
449001 0.0204026  -6.86027
450001 0.0205122  -6.85064
451001 0.0201457  -6.90525
452001 0.0203069  -6.90895
453001 0.020242  -6.82865
454001 0.0202297  -6.76
455001 0.0202155  -6.80713
456001 0.0202179  -6.80188
457001 0.0203229  -6.96162
458001 0.0204061  -6.92446
459001 0.0204095  -6.9038
460001 0.0204039  -6.85458
461001 0.0203703  -6.89079
462001 0.0205032  -6.82283
463001 0.0204827  -6.78242
464001 0.0202102  -6.80408
465001 0.020089  -6.80285
466001 0.0202155  -6.81951
467001 0.020144  -6.72696
468001 0.0201504  -6.75668
469001 0.0203514  -6.7633
470001 0.0201975  -6.72969
471001 0.0203051  -6.79619
472001 0.020541  -6.8648
473001 0.0207117  -6.94484
474001 0.0208675  -6.96491
475001 0.0207876  -6.86328
476001 0.0208099  -6.96009
477001 0.0206549  -6.85164
478001 0.0205588  -6.85785
479001 0.0206543  -6.85525
480001 0.0204876  -6.77547
481001 0.0204277  -6.89874
482001 0.0206915  -6.99919
483001 0.0206185  -7.08383
484001 0.0207312  -7.11181
485001 0.0208825  -7.04068
486001 0.0206877  -6.99499
487001 0.0203714  -6.8169
488001 0.0203905  -6.92069
489001 0.0205697  -6.96424
490001 0.0208503  -7.00955
491001 0.0207353  -6.8923
492001 0.0208242  -6.98012
493001 0.021137  -7.02886
494001 0.0211825  -7.09314
495001 0.0210386  -7.08524
496001 0.0212099  -6.9932
497001 0.0211239  -7.04883
498001 0.0208344  -7.09225
499001 0.0208174  -7.13533
500001 0.0206782  -7.0652
501001 0.020765  -6.97233
502001 0.0206939  -6.94656
503001 0.0206158  -6.98873
504001 0.0207674  -6.98159
505001 0.02086  -7.03986
506001 0.0210479  -7.19222
507001 0.0211525  -7.12043
508001 0.0212235  -7.20081
509001 0.0210873  -7.16425
510001 0.0212347  -7.18028
511001 0.0212006  -7.09403
512001 0.0214094  -7.09947
513001 0.0210079  -7.13014
514001 0.020853  -7.09583
515001 0.0209099  -7.07644
516001 0.0208666  -7.13318
517001 0.0211045  -7.07727
518001 0.0211348  -7.10867
519001 0.0209453  -7.08603
520001 0.0208837  -7.02578
521001 0.0208015  -6.93817
522001 0.0205997  -6.88592
523001 0.0204871  -6.99931
524001 0.0204474  -6.96191
525001 0.0205506  -6.96442
526001 0.020617  -6.97721
527001 0.0207469  -6.9534
528001 0.0206192  -7.10421
529001 0.0207639  -7.0467
530001 0.0207867  -7.03062
531001 0.0206817  -7.02143
532001 0.0207475  -7.00905
533001 0.0208819  -7.1636
534001 0.0207229  -6.99712
535001 0.0205865  -7.04126
536001 0.0205999  -6.89189
537001 0.0203858  -6.9179
538001 0.0204756  -6.88126
539001 0.0207861  -6.86647
540001 0.0205579  -6.92274
541001 0.0205301  -6.81113
542001 0.0205054  -6.91325
543001 0.0204684  -6.91578
544001 0.0204588  -6.89171
545001 0.0206648  -6.98113
546001 0.0209036  -6.97329
547001 0.0206088  -6.90372
548001 0.0207606  -7.01381
549001 0.0209826  -7.00431
550001 0.020812  -6.97413
551001 0.0209451  -6.90413
552001 0.0208828  -6.93405
553001 0.0210963  -6.98737
554001 0.0210439  -7.0226
555001 0.0209667  -7.08683
556001 0.0208167  -7.04175
557001 0.0206466  -6.95293
558001 0.0208721  -7.03287
559001 0.0207812  -6.9358
560001 0.0205183  -7.02262
561001 0.0204633  -6.92461
562001 0.0205195  -6.86333
563001 0.0204886  -6.91959
564001 0.0204638  -6.98982
565001 0.0203074  -6.91507
566001 0.0202416  -6.8406
567001 0.0203557  -6.76269
568001 0.0202465  -6.72532
569001 0.0202059  -6.86894
570001 0.0201631  -6.80419
571001 0.0206731  -7.06545
572001 0.0205403  -7.01381
573001 0.0204792  -6.94991
574001 0.0206235  -7.00329
575001 0.0204704  -6.978
576001 0.0203097  -6.94653
577001 0.0204828  -6.85756
578001 0.0203358  -6.82508
579001 0.0202775  -6.80681
580001 0.0201099  -6.83417
581001 0.020137  -6.79861
582001 0.0202563  -6.78808
583001 0.0203546  -6.73917
584001 0.0202662  -6.92339
585001 0.0200575  -6.69628
586001 0.019958  -6.67615
587001 0.0199841  -6.81281
588001 0.0199211  -6.78189
589001 0.0198772  -6.73636
590001 0.0196485  -6.59367
591001 0.0198509  -6.56035
592001 0.0197849  -6.51672
593001 0.0198972  -6.58463
594001 0.0200158  -6.78276
595001 0.0200535  -6.73734
596001 0.0200539  -6.62567
597001 0.019966  -6.77079
598001 0.0200162  -6.82304
599001 0.0200433  -6.76108
600001 0.020136  -6.7461
601001 0.0201691  -6.7241
602001 0.0201006  -6.75511
603001 0.0202758  -6.8433
604001 0.0203667  -6.72461
605001 0.0200329  -6.74998
606001 0.0203497  -6.73653
607001 0.0202486  -6.75417
608001 0.0200768  -6.76903
609001 0.0198606  -6.70239
610001 0.0198982  -6.64974
611001 0.0199701  -6.71917
612001 0.0199983  -6.73867
613001 0.0197515  -6.70836
614001 0.0198264  -6.64096
615001 0.0197845  -6.68837
616001 0.0199407  -6.63297
617001 0.0199143  -6.62302
618001 0.0200098  -6.63834
619001 0.0199359  -6.72142
620001 0.0200991  -6.72419
621001 0.0200296  -6.61598
622001 0.0202666  -6.74442
623001 0.0202353  -6.76355
624001 0.0200984  -6.78463
625001 0.0200252  -6.73369
626001 0.0200083  -6.75831
627001 0.0202106  -6.66074
628001 0.0201371  -6.66965
629001 0.020205  -6.65429
630001 0.0201074  -6.72219
631001 0.0200489  -6.69212
632001 0.0199981  -6.7487
633001 0.0200475  -6.67499
634001 0.0198404  -6.69735
635001 0.020067  -6.6601
636001 0.0197626  -6.71085
637001 0.0196921  -6.72457
638001 0.0199183  -6.71107
639001 0.020063  -6.72492
640001 0.0202813  -6.7702
641001 0.0199984  -6.72681
642001 0.0197153  -6.66473
643001 0.0197564  -6.67222
644001 0.0198307  -6.68938
645001 0.0199862  -6.72382
646001 0.0198976  -6.68264
647001 0.019815  -6.73272
648001 0.0200914  -6.87226
649001 0.0202424  -6.817
650001 0.0202551  -6.78397
651001 0.0203347  -6.7477
652001 0.0203009  -6.70343
653001 0.0204058  -6.75437
654001 0.0203364  -6.7767
655001 0.0201708  -6.76133
656001 0.0202731  -6.97108
657001 0.0202723  -6.86747
658001 0.0204399  -6.74787
659001 0.0201296  -6.86738
660001 0.0202899  -6.92358
661001 0.0201827  -6.82353
662001 0.0202552  -6.90417
663001 0.0202285  -6.77855
664001 0.0202649  -6.76626
665001 0.0204164  -6.8194
666001 0.0206286  -7.0716
667001 0.0205157  -6.923
668001 0.0205924  -7.06819
669001 0.0207231  -7.06028
670001 0.0208549  -7.06038
671001 0.0209349  -7.01724
672001 0.0210787  -6.97315
673001 0.0206835  -6.96058
674001 0.0204501  -6.96577
675001 0.0204566  -6.8586
676001 0.0205082  -6.89372
677001 0.0204171  -6.94536
678001 0.0205825  -6.96411
679001 0.0205753  -6.91903
680001 0.0205922  -6.96891
681001 0.0204261  -6.95275
682001 0.0204384  -7.00057
683001 0.0204113  -6.80658
684001 0.0204517  -6.89798
685001 0.0205015  -6.87007
686001 0.0205179  -6.88197
687001 0.0204362  -6.92012
688001 0.0207447  -6.96735
689001 0.0207914  -7.00392
690001 0.0206498  -6.96398
691001 0.020701  -6.99356
692001 0.0208481  -6.96396
693001 0.0207444  -7.02616
694001 0.0206949  -6.98157
695001 0.0205948  -6.91801
696001 0.0203585  -6.94344
697001 0.020352  -6.85065
698001 0.0204882  -6.95085
699001 0.0204042  -6.93168
700001 0.0204716  -6.81056
701001 0.0207247  -6.92535
702001 0.020812  -6.98088
703001 0.0205933  -6.97098
704001 0.0206947  -6.96711
705001 0.0205201  -6.93844
706001 0.0207064  -6.91571
707001 0.020697  -6.84815
708001 0.0206316  -6.94747
709001 0.0207038  -6.89923
710001 0.0205739  -6.89897
711001 0.0206018  -6.99749
712001 0.0205637  -6.91866
713001 0.0205054  -6.94316
714001 0.02072  -6.92883
715001 0.0208654  -6.95614
716001 0.0206203  -6.89182
717001 0.0208904  -6.98157
718001 0.0205058  -6.95668
719001 0.0205501  -6.94651
720001 0.0204127  -6.84875
721001 0.0205286  -6.89808
722001 0.0204533  -7.00969
723001 0.0204058  -7.00166
724001 0.0203935  -6.92701
725001 0.0205628  -6.85258
726001 0.0204942  -6.89887
727001 0.0204746  -6.8387
728001 0.0206845  -6.95804
729001 0.0206  -7.01239
730001 0.0207203  -7.00033
731001 0.0208305  -6.976
732001 0.0207219  -6.94334
733001 0.0209046  -6.96422
734001 0.0207336  -6.93199
735001 0.0208224  -7.10327
736001 0.0208185  -6.99502
737001 0.0209025  -6.99002
738001 0.0208753  -7.06087
739001 0.0211658  -7.04191
740001 0.021154  -7.03507
741001 0.0212481  -7.08887
742001 0.0210607  -7.02723
743001 0.0211081  -7.0747
744001 0.0209839  -7.12095
745001 0.0212301  -7.11268
746001 0.0212805  -7.1766
747001 0.021157  -7.1147
748001 0.0211967  -7.30545
749001 0.0211181  -7.14644
750001 0.0212766  -7.21596
751001 0.0209891  -7.1162
752001 0.021107  -7.07229
753001 0.0208911  -6.98568
754001 0.020773  -6.98702
755001 0.0207011  -6.83898
756001 0.0205611  -6.86161
757001 0.0205213  -6.82669
758001 0.0205372  -6.83303
759001 0.0204288  -6.86963
760001 0.0207312  -6.89692
761001 0.0206563  -7.00459
762001 0.0207112  -6.95569
763001 0.0205143  -7.05251
764001 0.0207535  -7.04213
765001 0.020743  -7.12029
766001 0.0209703  -7.1296
767001 0.0209445  -7.12031
768001 0.020967  -7.04445
769001 0.0210626  -7.0891
770001 0.0211077  -7.19666
771001 0.0211195  -7.21534
772001 0.0212338  -6.99925
773001 0.0209354  -7.01573
774001 0.021102  -7.05254
775001 0.0210616  -7.13485
776001 0.021024  -7.10278
777001 0.0211547  -7.18087
778001 0.0212182  -7.12969
779001 0.0210387  -7.06008
780001 0.0209526  -7.08191
781001 0.0208347  -7.0326
782001 0.0206753  -7.01153
783001 0.0207145  -7.07124
784001 0.0209235  -7.15084
785001 0.0207687  -7.05686
786001 0.0209475  -7.10181
787001 0.0210609  -7.01532
788001 0.0206519  -6.978
789001 0.0205855  -6.97424
790001 0.0207801  -6.99791
791001 0.0210352  -7.06987
792001 0.0210406  -6.97644
793001 0.0207588  -6.92271
794001 0.0207486  -7.02665
795001 0.0206249  -6.93005
796001 0.0206028  -6.94183
797001 0.020783  -6.97304
798001 0.020864  -6.98373
799001 0.0210191  -7.01984
800001 0.0207506  -6.98819
801001 0.0209119  -6.98309
802001 0.0210483  -7.02887
803001 0.0210896  -7.11397
804001 0.0210968  -7.06842
805001 0.0211341  -7.14916
806001 0.021406  -7.15423
807001 0.0211882  -7.14776
808001 0.0208954  -7.06154
809001 0.0209636  -7.09415
810001 0.0211801  -7.01464
811001 0.0211226  -7.01995
812001 0.0213986  -7.09126
813001 0.0213223  -7.1366
814001 0.0211982  -7.17769
815001 0.0212653  -7.08659
816001 0.0212173  -7.13179
817001 0.0211833  -7.25125
818001 0.0212158  -7.23676
819001 0.0213041  -7.12707
820001 0.0210974  -7.13724
821001 0.0209552  -7.10718
822001 0.0209023  -7.08667
823001 0.0209334  -7.05839
824001 0.0207232  -7.10954
825001 0.0206309  -7.1033
826001 0.0205079  -7.01914
827001 0.0205513  -6.94161
828001 0.0204258  -6.84186
829001 0.0203565  -6.95435
830001 0.0204846  -7.00438
831001 0.0205188  -7.01647
832001 0.020638  -6.99973
833001 0.0207948  -7.10525
834001 0.0208005  -7.08854
835001 0.0209719  -7.0013
836001 0.021022  -7.04998
837001 0.0208251  -7.0467
838001 0.0208982  -6.9798
839001 0.0209124  -6.98593
840001 0.0208572  -7.01765
841001 0.020692  -7.0694
842001 0.0207153  -6.98069
843001 0.0205661  -6.97551
844001 0.0204811  -7.00008
845001 0.020603  -6.90916
846001 0.0209586  -7.15082
847001 0.0209382  -7.08183
848001 0.0209183  -7.17152
849001 0.0208983  -7.11258
850001 0.0209923  -7.16324
851001 0.0210009  -7.07901
852001 0.0209302  -7.1521
853001 0.0208775  -7.12481
854001 0.0210136  -7.04993
855001 0.0211991  -7.21869
856001 0.0212833  -7.23824
857001 0.021259  -7.15599
858001 0.0211675  -7.0844
859001 0.021227  -6.98156
860001 0.0210263  -7.01514
861001 0.0209945  -6.96392
862001 0.0208736  -6.99687
863001 0.0208476  -7.02032
864001 0.0211435  -7.01497
865001 0.0209765  -7.1532
866001 0.0210944  -7.08239
867001 0.0209431  -7.08008
868001 0.0210549  -7.07638
869001 0.0211474  -7.09778
870001 0.0209824  -7.05928
871001 0.0208623  -7.03166
872001 0.0209146  -7.15481
873001 0.0210305  -7.05736
874001 0.021111  -7.18996
875001 0.0211411  -7.18587
876001 0.0211657  -7.17297
877001 0.0211605  -7.14258
878001 0.0213305  -7.14993
879001 0.0213526  -7.09043
880001 0.0211759  -7.10015
881001 0.0212604  -7.11802
882001 0.0211551  -7.08267
883001 0.0211512  -7.10725
884001 0.0210774  -7.06754
885001 0.0209239  -7.02133
886001 0.0212122  -7.00452
887001 0.021108  -6.96481
888001 0.021144  -7.0771
889001 0.0211152  -7.00213
890001 0.0211092  -6.96278
891001 0.0211322  -7.01925
892001 0.0210948  -6.9681
893001 0.0211013  -7.14708
894001 0.021154  -7.09969
895001 0.0211713  -7.08432
896001 0.0213805  -7.09451
897001 0.0213441  -7.13243
898001 0.0213382  -7.18224
899001 0.0212031  -7.10923
900001 0.0212098  -7.0928
901001 0.0211064  -7.10779
902001 0.0211973  -7.0513
903001 0.0211006  -7.05341
904001 0.0211366  -7.15008
905001 0.0210554  -7.21734
906001 0.02122  -7.117
907001 0.0211168  -7.14282
908001 0.021225  -7.11482
909001 0.0211714  -7.13213
910001 0.0211871  -7.26497
911001 0.0214329  -7.20426
912001 0.0215054  -7.13918
913001 0.0215706  -7.22085
914001 0.0215238  -7.24676
915001 0.0214092  -7.16598
916001 0.0213343  -7.14587
917001 0.0213603  -7.20165
918001 0.0213212  -7.2143
919001 0.0213174  -7.2986
920001 0.0214171  -7.24573
921001 0.0216055  -7.24895
922001 0.0216929  -7.26378
923001 0.0215632  -7.36733
924001 0.0214906  -7.30598
925001 0.0217177  -7.38351
926001 0.0215237  -7.26686
927001 0.0214555  -7.23068
928001 0.0214229  -7.24337
929001 0.0212367  -7.24657
930001 0.0212794  -7.24729
931001 0.0212936  -7.18992
932001 0.0213579  -7.18059
933001 0.0215148  -7.15393
934001 0.0213243  -7.19184
935001 0.02105  -7.13003
936001 0.0209327  -7.10759
937001 0.0209392  -7.22165
938001 0.020888  -7.19356
939001 0.020972  -7.09655
940001 0.0207422  -7.10942
941001 0.0207076  -6.98561
942001 0.0208562  -7.06779
943001 0.0207433  -6.97825
944001 0.0207774  -7.04323
945001 0.0208146  -7.00764
946001 0.0208788  -7.01485
947001 0.02082  -7.01654
948001 0.0206575  -7.02265
949001 0.0205462  -6.91215
950001 0.0204542  -6.79289
951001 0.020321  -6.87897
952001 0.020332  -6.83068
953001 0.0201401  -6.71957
954001 0.0199486  -6.71475
955001 0.0199288  -6.75781
956001 0.0200107  -6.68584
957001 0.0200588  -6.73838
958001 0.019847  -6.76172
959001 0.0199607  -6.78635
960001 0.0201328  -6.78633
961001 0.0204647  -6.89592
962001 0.0202767  -6.85963
963001 0.0203075  -6.82624
964001 0.0204603  -6.89751
965001 0.0207619  -6.84031
966001 0.0205602  -6.93083
967001 0.0205586  -6.93417
968001 0.0205341  -6.86496
969001 0.0204419  -6.79977
970001 0.0207744  -6.85361
971001 0.0208372  -6.86241
972001 0.0207067  -6.93613
973001 0.0205786  -6.90205
974001 0.0206601  -6.93236
975001 0.0206484  -6.95117
976001 0.0203644  -6.88009
977001 0.0204099  -6.83009
978001 0.0204867  -6.73416
979001 0.0202334  -6.80065
980001 0.0202547  -6.84395
981001 0.020176  -6.85777
982001 0.0202971  -6.83012
983001 0.0201937  -6.88096
984001 0.0200918  -6.70691
985001 0.0201084  -6.7098
986001 0.0202328  -6.84114
987001 0.0204524  -6.91136
988001 0.0206344  -6.87379
989001 0.020593  -6.93969
990001 0.0206857  -6.88676
991001 0.0206218  -6.7265
992001 0.0206822  -6.76029
993001 0.0205901  -6.84276
994001 0.0205097  -6.78584
995001 0.0205205  -6.75833
996001 0.0205894  -6.81894
997001 0.0204576  -6.8859
998001 0.020358  -6.85062
999001 0.0203698  -6.84179
1000001 0.020429  -6.79001
1001001 0.0204377  -6.8509
1002001 0.0204578  -6.89677
1003001 0.0205144  -6.91952
1004001 0.0202336  -6.87379
1005001 0.0203547  -6.97904
1006001 0.0205508  -7.00208
1007001 0.020792  -6.88284
1008001 0.0208583  -7.00767
1009001 0.0208235  -7.02906
1010001 0.0207264  -6.98801
1011001 0.0207489  -7.04213
1012001 0.0207339  -7.08551
1013001 0.0206818  -7.05651
1014001 0.0207858  -6.95788
1015001 0.0209451  -6.98826
1016001 0.0210039  -7.03798
1017001 0.0210719  -7.08559
1018001 0.0211829  -7.08461
1019001 0.0210037  -7.05313
1020001 0.0209708  -7.0938
1021001 0.021046  -7.12991
1022001 0.0209662  -7.07307
1023001 0.0207734  -7.08038
1024001 0.0209064  -7.10638
1025001 0.020985  -7.0103
1026001 0.0209158  -7.10943
1027001 0.0209126  -7.09806
1028001 0.0209912  -7.07778
1029001 0.0210189  -7.1033
1030001 0.0209735  -7.2452
1031001 0.0211565  -7.24578
1032001 0.0211569  -7.13953
1033001 0.0210341  -7.15231
1034001 0.0209827  -7.21295
1035001 0.020863  -7.19305
1036001 0.0210072  -7.14744
1037001 0.0211257  -7.24465
1038001 0.0210107  -7.19352
1039001 0.0211665  -7.11758
1040001 0.0210302  -7.2333
1041001 0.020927  -7.10789
1042001 0.0207657  -7.08703
1043001 0.0208095  -7.02025
1044001 0.0209127  -7.06815
1045001 0.0208594  -7.03127
1046001 0.0207308  -6.97303
1047001 0.0207206  -6.99325
1048001 0.0206399  -6.9817
1049001 0.0205354  -6.96104
1050001 0.0208469  -6.9853
1051001 0.0208822  -7.02198
1052001 0.0207119  -6.92897
1053001 0.020869  -6.9816
1054001 0.0209567  -7.09874
1055001 0.0208712  -7.04786
1056001 0.0208016  -7.04105
1057001 0.0208088  -6.99551
1058001 0.0209781  -7.00832
1059001 0.0206884  -6.93007
1060001 0.0208949  -7.00628
1061001 0.0210518  -7.02073
1062001 0.020982  -7.01062
1063001 0.0210454  -7.02395
1064001 0.0206569  -7.01342
1065001 0.0205486  -6.90552
1066001 0.0206229  -6.87369
1067001 0.0208109  -6.895
1068001 0.0208856  -6.92448
1069001 0.0208121  -6.89493
1070001 0.0206468  -6.88397
1071001 0.0205846  -6.9494
1072001 0.0202392  -6.88139
1073001 0.0202855  -6.73197
1074001 0.0202046  -6.83879
1075001 0.0201839  -6.80118
1076001 0.0199792  -6.73353
1077001 0.0200736  -6.88956
1078001 0.0198904  -6.73568
1079001 0.0201127  -6.71351
1080001 0.0199303  -6.68866
1081001 0.0201099  -6.63706
1082001 0.0198944  -6.70321
1083001 0.0198583  -6.73841
1084001 0.019949  -6.82212
1085001 0.0201621  -6.70604
1086001 0.0200683  -6.6656
1087001 0.0202207  -6.76376
1088001 0.0203079  -6.77715
1089001 0.0203987  -6.7804
1090001 0.0201795  -6.86479
1091001 0.020401  -6.81613
1092001 0.0204886  -6.85287
1093001 0.020473  -6.87802
1094001 0.0206435  -6.97486
1095001 0.0206447  -7.0011
1096001 0.0208115  -6.91625
1097001 0.020722  -7.02357
1098001 0.0204366  -6.96718
1099001 0.0205052  -7.0277
1100001 0.0203698  -6.93522
1101001 0.0203904  -6.99518
1102001 0.0206625  -6.8708
1103001 0.0204622  -6.95286
1104001 0.020445  -6.87626
1105001 0.0203688  -6.86908
1106001 0.0204011  -6.84651
1107001 0.020468  -6.97453
1108001 0.0204522  -6.94713
1109001 0.020592  -6.95314
1110001 0.0205994  -6.92393
1111001 0.0205154  -6.95046
1112001 0.0205584  -6.99021
1113001 0.0203523  -6.94925
1114001 0.0204859  -6.9582
1115001 0.0205115  -6.87119
1116001 0.0203317  -6.86802
1117001 0.0206163  -6.81768
1118001 0.0206874  -6.9424
1119001 0.0208468  -6.86521
1120001 0.0207205  -6.90662
1121001 0.0204493  -6.91038
1122001 0.0205613  -6.86211
1123001 0.0205824  -6.83981
1124001 0.020635  -6.76731
1125001 0.0205201  -6.85205
1126001 0.0204247  -6.85248
1127001 0.0204919  -6.85353
1128001 0.0208243  -6.86784
1129001 0.020819  -6.95959
1130001 0.0210689  -7.01897
1131001 0.0208594  -6.96096
1132001 0.0209423  -7.05618
1133001 0.0209496  -7.02008
1134001 0.0209836  -7.02294
1135001 0.0210179  -7.00036
1136001 0.0209461  -7.07005
1137001 0.0208756  -7.03745
1138001 0.0209798  -6.98177
1139001 0.0210584  -6.85413
1140001 0.0209705  -7.00195
1141001 0.0207142  -6.88908
1142001 0.0206944  -6.95898
1143001 0.0208632  -6.87155
1144001 0.0209266  -6.99865
1145001 0.0210899  -7.07182
1146001 0.021052  -7.02503
1147001 0.0211457  -7.10363
1148001 0.0212809  -7.05584
1149001 0.0211626  -7.06479
1150001 0.0210577  -6.99731
1151001 0.0209634  -7.05729
1152001 0.0208731  -6.96609
1153001 0.0207768  -6.94146
1154001 0.0209534  -7.02217
1155001 0.0211315  -6.99951
1156001 0.0210018  -7.05409
1157001 0.0208064  -6.96134
1158001 0.0209252  -6.93815
1159001 0.020986  -7.06327
1160001 0.0205597  -6.92821
1161001 0.0205979  -6.95698
1162001 0.0203513  -6.91344
1163001 0.0204898  -6.87509
1164001 0.020661  -6.92336
1165001 0.0206959  -7.01312
1166001 0.0206168  -6.95835
1167001 0.0208207  -7.01537
1168001 0.020775  -6.99615
1169001 0.0206686  -7.03998
1170001 0.0207065  -6.96867
1171001 0.0209099  -6.91757
1172001 0.0209088  -6.95497
1173001 0.0208778  -6.97323
1174001 0.0209212  -6.92704
1175001 0.0205377  -6.9772
1176001 0.0206593  -6.88933
1177001 0.0206698  -6.94818
1178001 0.0209062  -6.89313
1179001 0.0205007  -6.98084
1180001 0.0201216  -6.87167
1181001 0.0202769  -6.86489
1182001 0.0202267  -6.83686
1183001 0.0202466  -6.95077
1184001 0.0204555  -6.88283
1185001 0.0203709  -6.8358
1186001 0.0201546  -6.80366
1187001 0.020414  -6.86891
1188001 0.0205546  -6.91907
1189001 0.0205143  -6.92964
1190001 0.0204975  -6.88219
1191001 0.0205526  -6.97855
1192001 0.0205232  -6.95292
1193001 0.0208194  -7.09967
1194001 0.0210985  -7.11194
1195001 0.0212387  -7.23138
1196001 0.0211981  -7.23763
1197001 0.0211346  -7.25463
1198001 0.021151  -7.13218
1199001 0.0210215  -7.12145
1200001 0.0209728  -7.11917
1201001 0.0210723  -7.20437
1202001 0.0208526  -7.09262
1203001 0.0211619  -7.13593
1204001 0.021147  -7.20402
1205001 0.0211234  -7.10428
1206001 0.0210325  -7.10771
1207001 0.0210757  -7.04173
1208001 0.0212509  -7.16493
1209001 0.0214013  -7.24223
1210001 0.0215897  -7.30188
1211001 0.0213445  -7.27044
1212001 0.0212743  -7.27589
1213001 0.0212102  -7.26519
1214001 0.0213261  -7.3263
1215001 0.021451  -7.34415
1216001 0.0211864  -7.22665
1217001 0.0210601  -7.14066
1218001 0.0213878  -7.31582
1219001 0.0214572  -7.24731
1220001 0.0212805  -7.25271
1221001 0.0213013  -7.1914
1222001 0.0211944  -7.16934
1223001 0.0211432  -7.16352
1224001 0.0210629  -7.23923
1225001 0.0211823  -7.10464
1226001 0.0211697  -7.11946
1227001 0.0211948  -7.18517
1228001 0.0210502  -7.13817
1229001 0.0210499  -7.13194
1230001 0.0209514  -7.04363
1231001 0.0210731  -7.1447
1232001 0.0210411  -7.00837
1233001 0.0209576  -6.9529
1234001 0.0210331  -6.91465
1235001 0.0210579  -6.95428
1236001 0.0213852  -7.04551
1237001 0.0212971  -7.17695
1238001 0.0214625  -7.19736
1239001 0.0216327  -7.25003
1240001 0.0215323  -7.27554
1241001 0.0216011  -7.268
1242001 0.021464  -7.22113
1243001 0.0215924  -7.23832
1244001 0.0213008  -7.18005
1245001 0.0212075  -7.07277
1246001 0.020953  -7.19817
1247001 0.020957  -7.14468
1248001 0.0213536  -7.15431
1249001 0.0210338  -7.08912
1250001 0.0209345  -7.07954
1251001 0.0208253  -7.19568
1252001 0.020838  -7.14723
1253001 0.0207326  -7.06944
1254001 0.0209277  -7.13297
1255001 0.0208815  -7.21974
1256001 0.0208687  -7.21464
1257001 0.0209841  -7.12316
1258001 0.0208734  -7.13141
1259001 0.0209871  -7.13212
1260001 0.0206739  -7.06541
1261001 0.0207096  -7.01799
1262001 0.0205488  -6.96937
1263001 0.0208453  -7.10662
1264001 0.0205909  -7.09602
1265001 0.0205832  -6.97437
1266001 0.0205355  -6.92103
1267001 0.0206035  -6.83672
1268001 0.0206772  -6.94656
1269001 0.0207259  -6.92515
1270001 0.0206579  -6.91276
1271001 0.0208808  -7.06214
1272001 0.0209392  -6.98167
1273001 0.0207576  -6.94711
1274001 0.020717  -6.98788
1275001 0.0209674  -6.99428
1276001 0.0210117  -7.02486
1277001 0.0211006  -7.05673
1278001 0.02103  -7.04008
1279001 0.0208588  -7.1589
1280001 0.0206514  -7.04629
1281001 0.020786  -7.00964
1282001 0.0204977  -7.00535
1283001 0.0204195  -7.00113
1284001 0.0204432  -6.88938
1285001 0.0205053  -6.98841
1286001 0.0205019  -6.96063
1287001 0.0204015  -6.88408
1288001 0.0205601  -6.96189
1289001 0.0207374  -7.04893
1290001 0.020764  -6.94568
1291001 0.0207683  -7.03348
1292001 0.0209332  -7.00748
1293001 0.0209074  -7.0479
1294001 0.0208055  -7.05338
1295001 0.0208132  -7.07156
1296001 0.0208049  -6.9453
1297001 0.0207442  -7.01928
1298001 0.0206778  -6.92075
1299001 0.0207635  -6.94294
1300001 0.0208311  -6.90646
1301001 0.0207644  -6.95274
1302001 0.0206669  -6.93304
1303001 0.0207448  -6.94045
1304001 0.0207124  -6.90465
1305001 0.0205696  -6.97227
1306001 0.0206829  -6.95756
1307001 0.0206474  -6.92619
1308001 0.0207623  -6.96554
1309001 0.0208644  -7.02021
1310001 0.0208882  -6.93739
1311001 0.0206498  -6.82856
1312001 0.0209007  -6.96545
1313001 0.0209807  -7.11863
1314001 0.0210711  -7.09572
1315001 0.0210332  -7.04942
1316001 0.0208361  -7.01891
1317001 0.0207978  -7.05539
1318001 0.0209334  -7.00756
1319001 0.0207663  -6.99932
1320001 0.0206862  -6.96867
1321001 0.0206262  -7.00897
1322001 0.020715  -6.92632
1323001 0.0207036  -6.99259
1324001 0.020638  -7.05346
1325001 0.0208539  -7.02234
1326001 0.0209165  -7.0317
1327001 0.0206715  -7.01906
1328001 0.0208385  -7.00941
1329001 0.0210281  -7.04906
1330001 0.0208862  -7.04999
1331001 0.0210118  -7.00646
1332001 0.0212055  -7.07389
1333001 0.0210194  -7.09248
1334001 0.0209765  -7.02088
1335001 0.0208231  -6.93535
1336001 0.0208638  -6.85639
1337001 0.0207823  -6.81834
1338001 0.0206287  -6.84652
1339001 0.0207859  -6.90797
1340001 0.0206191  -6.97214
1341001 0.0205306  -6.96764
1342001 0.0209364  -7.07505
1343001 0.0207052  -6.99366
1344001 0.0204256  -6.9914
1345001 0.0205405  -6.90672
1346001 0.0204827  -6.95617
1347001 0.0203162  -6.90419
1348001 0.0202825  -6.91943
1349001 0.0206303  -6.99407
1350001 0.0208371  -6.91206
1351001 0.0210286  -6.92588
1352001 0.0208921  -6.9268
1353001 0.0208054  -7.01939
1354001 0.0210442  -6.98797
1355001 0.0209715  -7.02116
1356001 0.0204277  -6.89777
1357001 0.0204497  -6.91852
1358001 0.0205257  -7.00177
1359001 0.0204422  -6.89333
1360001 0.020395  -6.86918
1361001 0.0204127  -6.86578
1362001 0.0204246  -6.8173
1363001 0.0203813  -6.80833
1364001 0.0204645  -6.78046
1365001 0.0203813  -6.75127
1366001 0.0204103  -6.85517
1367001 0.0203055  -6.78399
1368001 0.0201525  -6.73311
1369001 0.0201397  -6.76387
1370001 0.0198219  -6.79542
1371001 0.019647  -6.71131
1372001 0.0195621  -6.72007
1373001 0.0200111  -6.7259
1374001 0.0201174  -6.7572
1375001 0.02024  -6.77217
1376001 0.0201782  -6.84613
1377001 0.0203512  -6.90886
1378001 0.0201035  -6.77816
1379001 0.0203565  -6.79225
1380001 0.020396  -6.85972
1381001 0.020381  -6.94082
1382001 0.0206001  -6.89535
1383001 0.0206886  -6.85414
1384001 0.0207268  -6.91878
1385001 0.0209545  -6.94182
1386001 0.0207876  -6.98715
1387001 0.0208536  -7.00457
1388001 0.0208096  -7.04001
1389001 0.020801  -7.01959
1390001 0.020677  -6.99979
1391001 0.0206783  -7.02214
1392001 0.020488  -6.8308
1393001 0.020499  -6.8272
1394001 0.0201731  -6.90863
1395001 0.0204744  -6.96415
1396001 0.0205453  -7.0021
1397001 0.0204389  -6.92467
1398001 0.0207941  -6.9907
1399001 0.020728  -6.94725
1400001 0.0209084  -7.00369
1401001 0.0206693  -6.96769
1402001 0.0207057  -6.99828
1403001 0.0206833  -7.00735
1404001 0.0207403  -6.93347
1405001 0.020897  -7.01344
1406001 0.0205564  -6.91084
1407001 0.020558  -6.97387
1408001 0.020737  -7.02692
1409001 0.0208895  -7.05875
1410001 0.0208095  -7.07037
1411001 0.0207329  -7.07171
1412001 0.0207761  -7.10591
1413001 0.021047  -7.05369
1414001 0.0209174  -6.97851
1415001 0.0205098  -6.98343
1416001 0.020633  -6.99252
1417001 0.0205577  -7.06176
1418001 0.0208345  -7.07241
1419001 0.0207609  -6.94472
1420001 0.0207138  -6.96244
1421001 0.0208512  -7.04146
1422001 0.0209422  -6.96653
1423001 0.0207405  -6.97429
1424001 0.0206765  -7.02244
1425001 0.0205281  -6.9299
1426001 0.0204163  -6.90289
1427001 0.0205472  -6.96635
1428001 0.0207126  -6.89284
1429001 0.0205425  -6.96832
1430001 0.0206133  -7.0042
1431001 0.0206582  -6.93229
1432001 0.0209804  -7.00488
1433001 0.0208357  -6.93137
1434001 0.0205689  -6.9159
1435001 0.020693  -6.99225
1436001 0.0207079  -7.00827
1437001 0.0207572  -6.97241
1438001 0.0206749  -6.97578
1439001 0.0208425  -7.00646
1440001 0.0204798  -6.95137
1441001 0.0205486  -6.90431
1442001 0.0207947  -7.02214
1443001 0.0205352  -6.9645
1444001 0.020479  -6.97962
1445001 0.020207  -6.88212
1446001 0.0202806  -6.88707
1447001 0.0205825  -6.87916
1448001 0.0208995  -6.95824
1449001 0.02059  -6.96809
1450001 0.0206901  -6.98208
1451001 0.0209567  -7.0206
1452001 0.0210932  -7.10015
1453001 0.0212861  -7.1281
1454001 0.0214403  -7.13804
1455001 0.0213556  -7.08735
1456001 0.0215017  -7.15798
1457001 0.0213245  -7.1422
1458001 0.0212131  -7.06745
1459001 0.0211004  -7.02158
1460001 0.0209332  -7.05025
1461001 0.0208291  -6.95331
1462001 0.0207246  -6.96229
1463001 0.020883  -6.9228
1464001 0.0208591  -6.9419
1465001 0.0208422  -6.98771
1466001 0.0208788  -7.06401
1467001 0.0209245  -7.0696
1468001 0.0206859  -6.93142
1469001 0.0204914  -6.86925
1470001 0.0204589  -6.87199
1471001 0.0205605  -6.88365
1472001 0.0202865  -6.81836
1473001 0.0201231  -6.83928
1474001 0.0200375  -6.88978
1475001 0.0201989  -6.8402
1476001 0.019962  -6.83178
1477001 0.0200533  -6.84747
1478001 0.0202496  -6.83985
1479001 0.0204017  -6.7921
1480001 0.0203274  -6.80023
1481001 0.0203416  -6.90832
1482001 0.0203677  -6.76527
1483001 0.0204783  -6.85911
1484001 0.0204384  -6.87669
1485001 0.0204049  -6.90742
1486001 0.0203846  -6.80583
1487001 0.0201909  -6.91708
1488001 0.0202009  -6.8566
1489001 0.0204398  -6.88306
1490001 0.0204846  -6.85472
1491001 0.0206414  -6.8314
1492001 0.020481  -6.86492
1493001 0.0203889  -6.84903
1494001 0.0203732  -6.84943
1495001 0.0204223  -6.88512
1496001 0.0206431  -6.89248
1497001 0.0205239  -6.90203
1498001 0.0206966  -6.8045
1499001 0.0206927  -6.82939
